{"weights": [[[0.0633565147813363, 0.0, 0.0, 0.9366434852186637], [0.06554788248911503, 0.0, 0.0, 0.934452117510885], [0.09100192077635294, 0.0, 0.0, 0.9089980792236471], [0.3846194035531417, 0.0, 0.0, 0.6153805964468583], [0.4100799199148678, 0.0, 0.0, 0.5899200800851322], [0.41234410873991756, 0.0, 0.0, 0.5876558912600824], [0.4131975888953291, 0.0, 0.0, 0.5868024111046709], [0.42085011799758787, 0.0, 0.0, 0.5791498820024121], [0.5089287327496004, 0.0, 0.0, 0.4910712672503996], [0.5146176217668509, 0.004002931065873865, 0.0, 0.4813794471672752], [0.5036469642049759, 0.02072811072542331, 0.0033086325769823254, 0.47231629249261853], [0.3358172350519753, 0.09166643570708496, 0.13685913053196205, 0.4356571987089777], [0.30048230052638786, 0.10101573165139328, 0.16412642086769935, 0.4343755469545195], [0.2959976676110163, 0.10081796144709117, 0.1687396761098256, 0.43444469483206694], [0.312630263776561, 0.09235401255389486, 0.16662330845535478, 0.42839241521418936], [0.3175204159114063, 0.08990838477116186, 0.1650364045635635, 0.42753479475386835], [0.3252867804624069, 0.08828524162537106, 0.16023371520772123, 0.4261942627045008], [0.3601392532433726, 0.08274843493477992, 0.13761126126713374, 0.41950105055471376], [0.5827512359228411, 0.03308558917554381, 0.017824235661233433, 0.36633893924038174], [0.34999506908355305, 0.08834099614207142, 0.13751924157186426, 0.42414469320251125], [0.368502603780581, 0.07423413616727774, 0.1475993724174977, 0.40966388763464356], [0.3194420952878207, 0.08960628889898119, 0.16109053370956541, 0.4298610821036327], [0.3743170092341528, 0.06809826031221404, 0.14879323337420755, 0.40879149707942564], [0.38772587937288616, 0.06001832954665013, 0.14496599334012825, 0.40728979774033547], [0.41275155518648265, 0.044356447197904235, 0.13723456250798027, 0.40565743510763286], [0.39465814555850004, 0.05442754054118945, 0.14314425693653965, 0.4077700569637709], [0.41736077619557205, 0.04056252991169012, 0.13600045341735698, 0.4060762404753808], [0.4168087970706371, 0.04122059007126313, 0.13603950093177894, 0.4059311119263208], [0.3906162554842062, 0.058235310425106115, 0.14387028960082213, 0.40727814448986555], [0.3877528213568354, 0.06235338487154683, 0.14331550988345232, 0.4065782838881654], [0.39537821961780234, 0.06526189479239984, 0.13459157920102813, 0.4047683063887697], [0.44106084116686867, 0.07216827652611296, 0.08897216363060775, 0.3977987186764106], [0.4268634505977611, 0.04421175137869246, 0.12508433242027087, 0.4038404656032756], [0.4225087298281678, 0.03882586799023957, 0.13284914935058492, 0.40581625283100775], [0.41641746261314366, 0.04161658632599537, 0.13600077314854506, 0.4059651779123159], [0.38284674647250605, 0.06159308971119241, 0.1468540621626881, 0.40870610165361343], [0.3401878709513649, 0.07740953709097079, 0.1582097736905521, 0.4241928182671122], [0.382761064950334, 0.061594877916484374, 0.14692631981265328, 0.4087177373205283], [0.4159211276842725, 0.04167525929287394, 0.13639325587789713, 0.4060103571449565], [0.4196524092087531, 0.03932581903340649, 0.1349527476864581, 0.40606902407138235], [0.4099195559142023, 0.0476399887157198, 0.13643328882940386, 0.40600716654067404], [0.5227569148243167, 0.001942243178853577, 0.09828108694665817, 0.3770197550501715], [0.42712725609895963, 0.04275107252649824, 0.1261962770712186, 0.4039253943033235], [0.5504626139122735, 0.0, 0.0750428858083053, 0.3744945002794212], [0.6283326017208318, 0.0052838992560398715, 0.0, 0.3663834990231283], [0.5615078366990932, 0.0, 0.066176299805115, 0.3723158634957918], [0.5504223327278694, 0.0, 0.07748191180678256, 0.372095755465348], [0.5488892607094287, 0.0, 0.07910371468620564, 0.37200702460436574], [0.5504398888952383, 0.0, 0.0774885706473974, 0.37207154045736424], [0.5617348756671263, 0.0, 0.06622215497293178, 0.37204296935994186], [0.6275145393627259, 0.009166812190899551, 0.0, 0.3633186484463745], [0.6194008998752321, 0.02678658241565496, 0.0, 0.35381251770911293], [0.435612906762778, 0.12865952993454155, 0.12488854227043839, 0.31083902103224204], [0.36736297469616624, 0.16901479565090266, 0.1446020506904352, 0.3190201789624959], [0.3556261786022263, 0.17520091869752286, 0.14851579790382854, 0.3206571047964223], [0.35269202826298873, 0.17658881327052317, 0.14994204354924817, 0.3207771149172399], [0.3486723304764682, 0.17952470750749233, 0.15454127803863857, 0.31726168397740095], [0.33779006688382257, 0.20153670183885639, 0.18920394962188367, 0.2714692816554374], [0.3568079355845744, 0.17413981305207554, 0.15364829475796807, 0.315403956605382], [0.40088928327153495, 0.14211656392761463, 0.1494085180732503, 0.30758563472760014], [0.4079535699579673, 0.13685562259288447, 0.1484690949817425, 0.30672171246740576], [0.4086999580919557, 0.13626258261991986, 0.14839648130728175, 0.30664097798084267], [0.4065626146881666, 0.13777079784944646, 0.149005264170989, 0.30666132329139795], [0.39249480107269097, 0.148065076958338, 0.15302709802201345, 0.3064130239469576], [0.3133956421337671, 0.21156281740568922, 0.1781975353921279, 0.2968440050684158], [0.29775152234171126, 0.2206801314658607, 0.18334045292631798, 0.2982278932661101], [0.297270079816079, 0.2208719304868995, 0.18354247220629716, 0.2983155174907244], [0.3104879002468431, 0.21299775324106768, 0.17944482793362485, 0.2970695185784644], [0.3774020523838025, 0.15822773871412818, 0.1598619691751921, 0.30450823972687724], [0.331260325849114, 0.20483767975457923, 0.19435991261704502, 0.26954208177926176], [0.300151025093949, 0.2194234405094098, 0.18483331722228413, 0.29559221717435713], [0.29597524892812865, 0.22169459421491536, 0.18406711657240218, 0.29826304028455386], [0.3022367623119361, 0.22017302647035683, 0.18093981102223447, 0.2966504001954726], [0.33990521592117307, 0.20900006492325757, 0.16451016869451968, 0.2865845504610497], [0.5926884913489245, 0.11181800098624486, 0.06984277603916524, 0.2256507316256653], [0.5152436033411053, 0.12684696372352644, 0.11226273582595382, 0.24564669710941445], [0.36421963646076544, 0.1939366991741062, 0.17991198809183517, 0.26193167627329317], [0.37592958715768493, 0.17067080389225636, 0.14548999149132177, 0.3079096174587369], [0.5109563423824661, 0.12406029199507235, 0.11303795097192398, 0.25194541465053755], [0.5348148050849585, 0.11669348388393593, 0.10347735946075709, 0.24501435157034845], [0.5981446571945066, 0.10869983394459737, 0.06995473726691272, 0.22320077159398333], [0.36659313126558046, 0.19802184521617594, 0.1777376071782809, 0.2576474163399627], [0.33596462333361315, 0.20686980355120102, 0.17113462374910318, 0.28603094936608264], [0.4793658103756807, 0.1406223288565949, 0.1280159118184134, 0.251995948949311], [0.35490590695690655, 0.19865456822515967, 0.1873524715197375, 0.25908705329819626], [0.35807179047922155, 0.19739519853053852, 0.1860798184954864, 0.2584531924947535], [0.5061761035748065, 0.12769301518916765, 0.11853087447929304, 0.24760000675673288], [0.5241210367007916, 0.11866675904514763, 0.11039402098721483, 0.2468181832668459], [0.5094400473586511, 0.12629849294480341, 0.11698290567807518, 0.24727855401847032], [0.38020365137125317, 0.18939441642235014, 0.1750800204517924, 0.2553219117546043], [0.5042697620537548, 0.13742310094023358, 0.11407848463117513, 0.24422865237483649], [0.4759193763457367, 0.2130954450700813, 0.09100430083567727, 0.21998087774850472], [0.533103278482122, 0.12790920756650515, 0.09833168086589353, 0.24065583308547933], [0.609806164919435, 0.11272257986301537, 0.05881550979865835, 0.21865574541889132], [0.44346399745326853, 0.23575519811022091, 0.10499984252296568, 0.2157809619135449], [0.22747268625444836, 0.3204193550919169, 0.25595125828276794, 0.19615670037086674], [0.1850526977111727, 0.3116585805721347, 0.3018368569706036, 0.201451864746089], [0.18892748767382034, 0.2818253539671604, 0.32396884493299316, 0.2052783134260261], [0.18259901414533086, 0.32500647599772114, 0.28672479972408604, 0.20566971013286195], [0.1955294622752106, 0.30598778881042465, 0.29932507518467516, 0.19915767372968962], [0.21881964456438308, 0.32095584484079165, 0.2671888583203673, 0.19303565227445796], [0.20032415862829403, 0.30487053375560386, 0.2969086564264245, 0.19789665118967759], [0.20245787007862506, 0.3191739840638878, 0.2730346925988901, 0.20533345325859698], [0.2651716789866476, 0.23982691002982723, 0.2286692740116788, 0.2663321369718463], [0.19234933671328006, 0.3070933335480344, 0.29557616797546415, 0.20498116176322134], [0.17557851448508535, 0.3182986022450938, 0.3018137627882461, 0.20430912048157468], [0.1845918624392708, 0.3540791028996101, 0.2597184349134742, 0.20161059974764495], [0.19141495967488245, 0.35420860710159174, 0.25499790357026336, 0.19937852965326242], [0.21196286880492193, 0.3274754264545063, 0.2651441884410657, 0.1954175162995061], [0.17675039757727556, 0.31806462605817565, 0.3013444120439643, 0.2038405643205845], [0.171803343407604, 0.330975250384341, 0.2880795355414958, 0.2091418706665592], [0.1665582434624832, 0.31839407415269333, 0.30759592822919446, 0.207451754155629], [0.1685217787448902, 0.3196260054048109, 0.30536458774482744, 0.2064876281054715], [0.18228166030099185, 0.34804586537228627, 0.2670402228542287, 0.2026322514724932], [0.1856451017082121, 0.28467340475224634, 0.32349992277124134, 0.20618157076830024], [0.1725411182180899, 0.31404224161599054, 0.3077161310316812, 0.20570050913423832], [0.17624497011843543, 0.3286417294190558, 0.28745108851056095, 0.2076622119519479], [0.1877668034459948, 0.30324685542107077, 0.30661739295555984, 0.2023689481773746], [0.1894125068840528, 0.280950008094838, 0.32435265379520206, 0.20528483122590713], [0.18142088100037038, 0.3251729940347676, 0.2872590767404621, 0.2061470482243999], [0.1899175470213314, 0.3072484941693789, 0.30151959112108484, 0.20131436768820488], [0.19564749174128376, 0.32740265261636814, 0.2755661077375709, 0.2013837479047772], [0.2588694170977586, 0.31559269946474383, 0.2353698472097815, 0.19016803622771605], [0.20232279894184318, 0.30413933645363994, 0.2964427942061051, 0.1970950703984118], [0.17522527687693695, 0.3160285200911427, 0.3043801049688472, 0.20436609806307315], [0.17306313035911122, 0.332052040180326, 0.28588565020636275, 0.20899917925419997], [0.1732411848841055, 0.3333082296844488, 0.2842171236087148, 0.20923346182273095], [0.17644983272562176, 0.33067255617088953, 0.2850176598669693, 0.20785995123651935], [0.18848502613780377, 0.30548325698036616, 0.30431822207936626, 0.2017134948024638], [0.19392303892834967, 0.30217153151375725, 0.3043156668632879, 0.19958976269460516], [0.20385461242440592, 0.30034823881570866, 0.2994706500115056, 0.19632649874837982], [0.24256302680921632, 0.295795545858485, 0.2723429742604698, 0.1892984530718289], [0.5399040772795108, 0.14921047852416175, 0.09812700089529235, 0.2127584433010351], [0.24293786400029313, 0.3123433910429633, 0.2520425733745151, 0.1926761715822285], [0.1857353088735886, 0.31429871874785115, 0.29921218502732994, 0.20075378735123028], [0.18037737543856444, 0.31576546095917213, 0.3016278678512002, 0.2022292957510632], [0.21265415406512178, 0.3250335505858989, 0.26701160676317476, 0.19530068858580452], [0.19073451579101913, 0.3302431423704832, 0.2764141581558877, 0.2026081836826099], [0.2121837955562516, 0.325230221038311, 0.26708143880420215, 0.19550454460123523], [0.17851561763539314, 0.3172024651116939, 0.30106605693918786, 0.20321586031372507], [0.17865676647319378, 0.32642120147299186, 0.28789974020708825, 0.20702229184672616], [0.18974761935343645, 0.28068787030210385, 0.32441054158376853, 0.20515396876069114], [0.19176624209889195, 0.2998644598386636, 0.3075221677244467, 0.20084713033799773], [0.1914740158037907, 0.2997841288303093, 0.30779154073689197, 0.20095031462900803], [0.18816910560841585, 0.2794930414754124, 0.32680140375224714, 0.20553644916392466], [0.17279229899082696, 0.31248416525380035, 0.309366138780082, 0.20535739697529065], [0.17408838805338456, 0.3185905678127913, 0.302944596326059, 0.2043764478077651], [0.19933184899723955, 0.349632582263058, 0.2541218742934495, 0.19691369444625295], [0.2609572586454977, 0.3171273153529407, 0.23266457892359144, 0.18925084707797024], [0.20642369196968044, 0.30254270085817153, 0.2953049270385785, 0.19572868013356948], [0.1901689126741578, 0.3038247333772632, 0.30519621263297153, 0.20081014131560748], [0.17141114472175703, 0.31499987989642714, 0.3080817856081215, 0.2055071897736943], [0.1688667320270467, 0.3174664595823937, 0.30710107720306057, 0.206565731187499], [0.17802232739856416, 0.3287215984994726, 0.286430240988064, 0.20682583311389924], [0.19940709194279024, 0.3025844345610632, 0.30120780314511963, 0.19680067035102689], [0.24004705859319184, 0.2874386988197867, 0.29867383045290974, 0.17384041213411172], [0.20258916093581214, 0.29961620261787947, 0.30223991152359436, 0.19555472492271408], [0.19081497789348587, 0.30301292034663774, 0.30566358252188963, 0.20050851923798674], [0.17728778346637522, 0.3108637476477974, 0.30804860612076296, 0.20379986276506445], [0.18980181661218182, 0.2837865649068082, 0.32182215432817834, 0.20458946415283163], [0.19433383255236028, 0.34759983517629395, 0.2596482388764913, 0.1984180933948545], [0.2165717468172168, 0.3294285776207838, 0.2601286413922904, 0.19387103416970897], [0.19242604813140185, 0.3526832529897519, 0.2557434689134689, 0.19914722996537737], [0.18453674888215735, 0.33564430862407796, 0.27524816237342026, 0.20457078012034446], [0.20617628054378878, 0.3497326797900202, 0.2495398399967447, 0.19455119966944634], [0.2838456224960063, 0.3077288693772079, 0.2288802928411007, 0.17954521528568512], [0.5504931364771237, 0.14546718008116571, 0.09358483138697812, 0.21045485205473247], [0.2596695131630306, 0.28888497077870345, 0.26605992098225356, 0.18538559507601238], [0.20619325046741607, 0.3449204723952788, 0.2547620699930921, 0.19412420714421308], [0.20205338784340923, 0.30670561328396356, 0.2947880992766052, 0.19645289959602197], [0.22368781621824754, 0.3175014883608629, 0.2674030693886627, 0.19140762603222683], [0.21268712102920512, 0.2752180981996384, 0.3161987005394146, 0.19589608023174188], [0.24621765391987227, 0.2838122980296689, 0.29798031338646835, 0.17198973466399048], [0.21411778540001156, 0.29951505549549795, 0.29491714002898506, 0.1914500190755054], [0.23781764831104585, 0.3192336004269212, 0.2560839694675964, 0.18686478179443655], [0.26904112307690314, 0.3140448827969579, 0.23065757171944537, 0.1862564224066936], [0.20495949390720775, 0.3095750133986315, 0.29224967357476894, 0.19321581911939179], [0.2438754537434811, 0.28757730634951784, 0.29628969797691757, 0.17225754193008347], [0.21323525982409688, 0.29966739713156443, 0.295508648912554, 0.1915886941317847], [0.2362341941528327, 0.3160949077561686, 0.26204726906550374, 0.185623629025495], [0.26071877638980334, 0.2818060964162963, 0.29116020665592496, 0.16631492053797536], [0.2553464895210198, 0.2587732289072815, 0.3117420631384214, 0.17413821843327737], [0.27677964041863207, 0.30576966268355943, 0.23433994720815854, 0.18311074968965002], [0.2203059512806186, 0.2950523360888872, 0.2940944840026577, 0.19054722862783646], [0.234528915134901, 0.25880859249719224, 0.3245652813542331, 0.1820972110136736], [0.21813950118218003, 0.2675489370131123, 0.32034102686284, 0.19397053494186767], [0.25652319181336547, 0.27706140163173576, 0.29821042215808674, 0.16820498439681209], [0.25210246680244885, 0.25550268990883807, 0.31854037567530413, 0.17385446761340895], [0.2645270179055925, 0.27727225336842126, 0.294037663065533, 0.16416306566045324], [0.25702275447851936, 0.27996014779064565, 0.29568613850619896, 0.16733095922463603], [0.21173107741316632, 0.2731909371205421, 0.3191128670950544, 0.1959651183712372], [0.20869312340302665, 0.30024660590754915, 0.2987654342310757, 0.19229483645834844], [0.314280865062619, 0.2404887918015593, 0.2857460905845499, 0.15948425255127174], [0.777283422146064, 0.07013472736103471, 0.04081304983744427, 0.11176880065545691], [0.2904221761364631, 0.27457087395354934, 0.26397126248965674, 0.17103568742033082], [0.24905668100391293, 0.25732678596765896, 0.3169078361988354, 0.17670869682959278], [0.21781824151344767, 0.28984203918552426, 0.3018332196347785, 0.19050649966624955], [0.24385166753094265, 0.25807007708919155, 0.32065083368662867, 0.1774274216932371], [0.265103968354264, 0.2774023383081623, 0.2936229963655548, 0.16387069697201895], [0.26880889014646686, 0.27903940992836246, 0.290274069723462, 0.16187763020170876], [0.26779231783118823, 0.27961536997923747, 0.29036526584748534, 0.16222704634208895], [0.25926642248413345, 0.28238864188162416, 0.29238562231647003, 0.16595931331777236], [0.22004749275732088, 0.297691588379392, 0.29351819875188984, 0.18874272011139726], [0.2542891429774977, 0.3088638424606094, 0.2607844659020014, 0.17606254865989157], [0.3456434914651735, 0.22692864487020992, 0.3267233512680935, 0.10070451239652312], [0.36485526305475563, 0.21878889079134883, 0.3267157791340293, 0.08964006701986615], [0.3884705767758442, 0.2490932151514475, 0.29789134646632337, 0.06454486160638495], [0.41535437903723005, 0.20461914465724187, 0.30789835663292847, 0.07212811967259958], [0.38051851028225625, 0.20946601095259956, 0.32398857087500227, 0.08602690789014189], [0.41997971573105375, 0.19886242547153338, 0.30849551895252375, 0.07266233984488912], [0.41928182927023133, 0.19949100403150885, 0.3085321769824431, 0.07269498971581667], [0.3753358452115543, 0.21497619883220187, 0.32379706456639235, 0.08589089138985151], [0.383143519859164, 0.2503594396928173, 0.30002258990759867, 0.06647445054042], [0.3675819745282594, 0.21759403419095852, 0.3264155566055364, 0.08840843467524573], [0.3674229891187213, 0.21764458684981222, 0.32646854770069955, 0.08846387633076691], [0.38191595982083704, 0.2507506258857315, 0.3004439251475748, 0.06688948914585668], [0.367428102085728, 0.2176969782483899, 0.3264411380631649, 0.0884337816027172], [0.3676723185235766, 0.218060252514463, 0.3261435875808854, 0.08812384138107499], [0.3840512313265106, 0.2548870227286058, 0.29719188071375857, 0.06386986523112503], [0.386001955693339, 0.25852785484611346, 0.2942675734379052, 0.06120261602264232], [0.38691461977652114, 0.2583395118291233, 0.2939061859622336, 0.06083968243212201], [0.3913088159426079, 0.2534886236687424, 0.29418635568600005, 0.06101620470264968], [0.41747790829645137, 0.20900105376208322, 0.304531945955844, 0.06898909198562142], [0.3943948915965911, 0.2484680664301679, 0.2949159977869065, 0.06222104418633445], [0.4050251038871546, 0.2119959753462817, 0.3057001361676615, 0.07727878459890214], [0.3110360819674513, 0.2664016228552421, 0.28332122468178833, 0.13924107049551826], [0.375636357466899, 0.2602028847530856, 0.2950354339275371, 0.06912532385247827], [0.39347290923476713, 0.25288733979583433, 0.2930520357532915, 0.06058771521610706], [0.44545877260655553, 0.20136509997048557, 0.2933099249829794, 0.05986620243997953], [0.6243087356577149, 0.18044589255928714, 0.19524537178299795, 0.0], [0.4421617440930733, 0.2439287738667633, 0.27114278753898685, 0.04276669450117654], [0.6237278870863964, 0.1835293246637457, 0.1927427882498579, 0.0], [0.4472817126357521, 0.23900666807010718, 0.27119365818162144, 0.042517961112519265], [0.6730022393862513, 0.12667639498293376, 0.20032136563081504, 0.0], [0.4883875518591118, 0.2289433283068943, 0.2826691198339939, 0.0], [0.4561436272043424, 0.24857008409562792, 0.2952862887000297, 0.0], [0.33656061243502233, 0.3382472837891438, 0.32519210377583385, 0.0], [0.3181490398322851, 0.34881135334517016, 0.33303960682254474, 0.0], [0.2987380715729769, 0.35635640743531394, 0.3435547984340781, 0.0013507225576310233], [0.19649928263006564, 0.3928244840130286, 0.41067623335690573, 0.0], [0.21450111077406553, 0.34072847588486954, 0.44477041334106493, 0.0], [0.2517926037914147, 0.36884976920244156, 0.3753088791454519, 0.00404874786069187], [0.23147391684573784, 0.34434971124387537, 0.4211391695324211, 0.0030372023779656754], [0.25171544851164185, 0.3702773017015345, 0.37398571112072376, 0.004021538666099889], [0.2154889745494208, 0.3607114502269521, 0.4237995752236271, 0.0], [0.207637620797083, 0.3622798347299403, 0.4290923062731841, 0.0009902381997926035], [0.20068474623953642, 0.3740418364952423, 0.4252734172652213, 0.0], [0.2026804968063062, 0.3438065699474944, 0.452181787320994, 0.0013311459252053348], [0.18459374556314484, 0.39744988625186556, 0.4179563681849896, 0.0], [0.2337925805054429, 0.3793716263113386, 0.37823907453874117, 0.008596718644477308], [0.17965444693825794, 0.4018144323348821, 0.41853112072685994, 0.0], [0.17927242611383723, 0.3894375347825585, 0.4299257258333172, 0.0013643132702870764], [0.1941783245658668, 0.3678621351675416, 0.4331374854042381, 0.004822054862353431], [0.17681692113423458, 0.3988850513106393, 0.42429802755512613, 0.0], [0.19620970151888756, 0.34887002754543, 0.4519674162330561, 0.0029528547026262952], [0.18028979893801236, 0.4342154104388016, 0.38549479062318603, 0.0], [0.24286604617553925, 0.37641220480914644, 0.3742142416111087, 0.006507507404205581], [0.22397312838093547, 0.34385353436536353, 0.42657016912308543, 0.005603168130615566], [0.21955627587769078, 0.34248130567313684, 0.4309799546369713, 0.006982463812201023], [0.21375009644988446, 0.34792735481574083, 0.43049282870161715, 0.007829720032757614], [0.19265919185800004, 0.4139237507844511, 0.39341705735754884, 0.0], [0.19828849275719454, 0.3786667641608223, 0.42304474308198314, 0.0], [0.20666823456564515, 0.34977195440983777, 0.4341846440856531, 0.009375166938863977], [0.18270582823566273, 0.3867870496799193, 0.429675622473557, 0.0008314996108610417], [0.1813398803774338, 0.3880115358048311, 0.4299113310338348, 0.0007372527839003551], [0.19997041692085815, 0.3653457330494818, 0.43152896289362264, 0.0031548871360373987], [0.20024970620251373, 0.37512357739244834, 0.4246267164050379, 0.0], [0.20735424440020658, 0.351181744238615, 0.4324479063218989, 0.00901610503927952], [0.18408100300334293, 0.41299842652939034, 0.4029205704672667, 0.0], [0.18131910015290606, 0.42219623607628326, 0.3964846637708107, 0.0], [0.1704745867059461, 0.3982318988325783, 0.42787498208113917, 0.003418532380336403], [0.15444194148180243, 0.468229656299766, 0.37732840221843156, 0.0], [0.17152812746279025, 0.4065043407486332, 0.4219675317885766, 0.0], [0.20968321311138247, 0.3480884035818616, 0.4332736943929819, 0.008954688913774045], [0.22204856073868035, 0.34244324307973767, 0.42958085815338753, 0.005927338028194451], [0.24120498559436504, 0.3472652410760145, 0.4115297733296205, 0.0], [0.40418228468222483, 0.2782596851896536, 0.31755803012812156, 0.0], [0.1964119103483187, 0.44944172236311286, 0.3541463672885684, 0.0], [0.20305209306163963, 0.36822321451717954, 0.4264414726554724, 0.002283219765708444], [0.1996203121077871, 0.3657151259201143, 0.43131069222452284, 0.0033538697475757884], [0.17698291342759753, 0.4000138871690643, 0.4230031994033382, 0.0], [0.19358242240719206, 0.36806068042641765, 0.43330262999744423, 0.0050542671689460805], [0.1765297505058458, 0.3900853264050846, 0.4311994088878969, 0.0021855142011727446], [0.16776360171571333, 0.4057307875908463, 0.4265056106934404, 0.0], [0.17038058903845743, 0.3955100228127377, 0.43059798940730815, 0.0035113987414966408], [0.16776202030281373, 0.4396378258415098, 0.3926001538556765, 0.0], [0.1982084792485006, 0.368054831797648, 0.4300950590474915, 0.0036416299063599666], [0.2053321961427826, 0.3622247209824857, 0.43038069013676206, 0.0020623927379695983], [0.20666848520001435, 0.36170498243545746, 0.4300372972512743, 0.0015892351132539284], [0.20552038691099522, 0.36277916739965127, 0.42999554812641483, 0.0017048975629386787], [0.19946150393729137, 0.37606740550431444, 0.42447109055839416, 0.0], [0.19994664324159803, 0.36711197414472796, 0.42992762242236515, 0.003013760191308834], [0.1825735782746736, 0.413778800842762, 0.40364762088256445, 0.0], [0.18260745447015117, 0.41376560676642427, 0.4036269387634246, 0.0], [0.20018258142734094, 0.36705313827329, 0.4298180631213027, 0.0029462171780663127], [0.20052432612698573, 0.3757013160195109, 0.42377435785350337, 0.0], [0.21163540275361964, 0.36219846658444793, 0.42616613066193243, 0.0], [0.23720014034781645, 0.3664248671187146, 0.396374992533469, 0.0], [0.5719413943054168, 0.21568804260262522, 0.212370563091958, 0.0], [0.24209317155104595, 0.3958847444222555, 0.36202208402669855, 0.0], [0.2135998396367896, 0.3627567165020205, 0.4236434438611899, 0.0], [0.20825756823373995, 0.3615571204978852, 0.42920266487875963, 0.000982646389615205], [0.2050096331939214, 0.36316328261498254, 0.43003753894280167, 0.001789545248294333], [0.19568600682017623, 0.38063256270695855, 0.4236814304728652, 0.0], [0.18256361070647406, 0.42262187856165806, 0.3948145107318679, 0.0], [0.16533070920734355, 0.4453157318462732, 0.38935355894638324, 0.0], [0.17747045150226895, 0.42570716923149665, 0.3968223792662344, 0.0], [0.16912637615432288, 0.4091757026664903, 0.4216979211791868, 0.0], [0.180196268446611, 0.4232621814705732, 0.3965415500828158, 0.0], [0.18018600853912323, 0.4160696564931058, 0.40374433496777096, 0.0], [0.19105561903400778, 0.3850595049116312, 0.423753722811182, 0.00013115324317902743], [0.18537665340745652, 0.42068839117828444, 0.39393495541425905, 0.0], [0.18582966617663021, 0.42039571369164364, 0.39377462013172615, 0.0], [0.19388790472922582, 0.38206330857487925, 0.42404878669589496, 0.0], [0.19337180462232714, 0.3803156322790108, 0.42631256309866206, 0.0], [0.18151245924213932, 0.3887580085401827, 0.42934568797571626, 0.000383844241961695], [0.19084978103394445, 0.3828399954205651, 0.42601146889501956, 0.0002987546504708005], [0.18222104677718806, 0.4129995637809092, 0.4047793894419027, 0.0], [0.18995316997242634, 0.3846977307779123, 0.4248748740308005, 0.00047422521886086866], [0.1781254932840827, 0.4156700153162148, 0.4062044913997025, 0.0], [0.16959495138902086, 0.4083046092257591, 0.42210043938522, 0.0], [0.18180267185558388, 0.42103063951151815, 0.39716668863289795, 0.0], [0.18724055220634125, 0.3872477055765632, 0.4242977996800944, 0.0012139425370011336], [0.16619472232429125, 0.44265193013294535, 0.39115334754276343, 0.0], [0.17575026659161264, 0.42077446613447844, 0.4034752672739089, 0.0], [0.1822091350269784, 0.4237585500855077, 0.3940323148875139, 0.0], [0.1848664564134007, 0.4210297006010222, 0.3941038429855771, 0.0], [0.19188130072684106, 0.3852214075252425, 0.42289729174791646, 0.0], [0.18492751629016232, 0.420912997511586, 0.3941594861982517, 0.0], [0.18252803792411024, 0.42210075859229823, 0.39537120348359156, 0.0], [0.17648721161721911, 0.3946675351359225, 0.42716546272697276, 0.0016797905198856489], [0.181394002291455, 0.42225861514635094, 0.39634738256219404, 0.0], [0.17856803996881934, 0.41883234064584884, 0.40259961938533184, 0.0], [0.1824128972692371, 0.4237182515310955, 0.3938688511996674, 0.0], [0.18314568096438663, 0.42318862220030035, 0.39366569683531305, 0.0], [0.18323871288373839, 0.4126965077005029, 0.4040647794157587, 0.0], [0.2012183674084894, 0.3453615459880174, 0.45175939852390085, 0.0016606880795922985], [0.19577141401949313, 0.37866840892417597, 0.42556017705633087, 0.0], [0.18469745924094472, 0.41121615171387704, 0.40408638904517824, 0.0], [0.19711406143430182, 0.3701625583622085, 0.42900362465184266, 0.0037197555516469416], [0.18550721377937154, 0.41876735885858657, 0.39572542736204186, 0.0], [0.17846266895050106, 0.4040485575064416, 0.41748877354305736, 0.0], [0.22350231167895057, 0.38523168853045914, 0.3912659997905903, 0.0], [0.5678440956390803, 0.22000780214649335, 0.21214810221442637, 0.0], [0.22085550348344543, 0.4215517577747593, 0.3575927387417953, 0.0], [0.1930932277458823, 0.3996729268252562, 0.40723384542886154, 0.0], [0.2758384576970286, 0.3645268863307229, 0.3524430618629067, 0.007191594109341781], [0.19907490241421688, 0.41671046931964795, 0.38421462826613517, 0.0], [0.18274445091899294, 0.42485563211051525, 0.3923999169704918, 0.0], [0.16482579519844304, 0.44528983596749755, 0.3898843688340594, 0.0], [0.1744455042107279, 0.4209694833506761, 0.404585012438596, 0.0], [0.17630903457084424, 0.41902420422394027, 0.4046667612052155, 0.0], [0.17678827719911389, 0.41878932277350417, 0.40442240002738195, 0.0], [0.17751508891600842, 0.41889118147117443, 0.40359372961281714, 0.0], [0.18113274318728798, 0.4237978213489163, 0.3950694354637957, 0.0], [0.1770529077177138, 0.41914026150285616, 0.40380683077943, 0.0], [0.17429475117150733, 0.42093897499871985, 0.4047662738297728, 0.0], [0.163295896621524, 0.4439862938662059, 0.3927178095122701, 0.0], [0.17297308844060671, 0.3962496500452852, 0.4280751399861975, 0.002702121527910606], [0.18440340704159375, 0.4186700301978217, 0.3969265627605846, 0.0], [0.19580607448473167, 0.3705341132682441, 0.4295622039658006, 0.00409760828122363], [0.17983606362006838, 0.41422608703582037, 0.40593784934411126, 0.0], [0.17146197892250672, 0.40547884345791285, 0.42305917761958045, 0.0], [0.18838096718261002, 0.38476938416486905, 0.42590322995807195, 0.0009464186944490027], [0.18171946220032703, 0.4208530256234628, 0.3974275121762102, 0.0], [0.16792847259848903, 0.4076952250216959, 0.42437630237981505, 0.0], [0.16788744499036284, 0.39733475203285346, 0.4305470050131452, 0.004230797963638566], [0.15594434038216415, 0.4627007566080121, 0.3813549030098238, 0.0], [0.1749736785929008, 0.32601080093276114, 0.49901552047433806, 0.0], [0.20237578875561935, 0.33643604130426785, 0.4589896314157353, 0.002198538524377569], [0.20215520666264616, 0.34123815462772694, 0.45474664932418885, 0.0018599893854380767], [0.17752205942727084, 0.39839738951217274, 0.4240805510605564, 0.0], [0.19161844316141, 0.37141605632680197, 0.43163332441977176, 0.005332176092016305], [0.16733108537316355, 0.43957953778103864, 0.3930893768457978, 0.0], [0.1742344824632071, 0.38926656303786816, 0.4339544594909836, 0.0025444950079411832], [0.17816148359135317, 0.32044840478220005, 0.5013901116264468, 0.0], [0.19854627559798627, 0.3350576879139749, 0.46299942716775866, 0.003396609320280186], [0.17860052554820308, 0.32006175092519495, 0.501337723526602, 0.0], [0.17632450510349607, 0.38548744485509023, 0.43592557905804324, 0.0022624709833704015], [0.17533118059808217, 0.3856815882332103, 0.43644995489896354, 0.002537276269743982], [0.1733705504843352, 0.3207426659975752, 0.5058867835180896, 0.0], [0.17146695893428057, 0.3239941122443561, 0.5045389288213633, 0.0], [0.1651825150102756, 0.4325168958145602, 0.4023005891751642, 0.0], [0.17181231600527772, 0.32354402068361615, 0.5046436633111061, 0.0], [0.17429234733514998, 0.31589485619201485, 0.5098127964728352, 0.0], [0.17283248211381583, 0.3208954374042061, 0.506272080481978, 0.0], [0.16925701395996143, 0.3956250664248855, 0.4351179196151531, 0.0], [0.16828548500682416, 0.3203029629116584, 0.5114115520815175, 0.0], [0.14832534286789953, 0.2877254318090873, 0.5639492253230132, 0.0], [0.14517269665986937, 0.28637489119687015, 0.5684524121432605, 0.0], [0.14434568285981045, 0.28662114641833564, 0.5690331707218539, 0.0], [0.14373786959880674, 0.2875389143787296, 0.5687232160224637, 0.0], [0.1437007327628337, 0.29706255269536785, 0.5592367145417985, 0.0], [0.15813614917396213, 0.4376587029804595, 0.40420514784557837, 0.0], [0.16640650669269605, 0.39834419608676297, 0.43058479537261757, 0.004664501847923441], [0.15991210375719886, 0.44544264713016934, 0.39464524911263177, 0.0], [0.1623936452901389, 0.42807874262465295, 0.40952761208520816, 0.0], [0.3467019873574013, 0.29364522400375326, 0.3596527886388454, 0.0], [0.1748907418506681, 0.4182886450778508, 0.4068206130714811, 0.0], [0.22737189689955895, 0.3444559578405747, 0.42817214525986635, 0.0]]]}